0        00000000000000000000000000000000
-4210688        11111111101111111100000000000000
-8404992        11111111011111111100000000000000
-12574720        11111111010000000010000000000000
-16687104        11111111000000010110000000000000
-20733952        11111110110000111010000000000000
-24698880        11111110100001110010000000000000
-28565504        11111110010011000010000000000000
-32325632        11111110000100101100000000000000
-35954688        11111101110110110110000000000000
-39444480        11111101101001100010000000000000
-42770432        11111101011100110110000000000000
-45932544        11111101010000110010000000000000
-48914432        11111101000101011010000000000000
-51707904        11111100111010110000000000000000
-54288384        11111100110000111010000000000000
-56655872        11111100100111111000000000000000
-58802176        11111100011111101100000000000000
-60719104        11111100011000011000000000000000
-62390272        11111100010010000000000000000000
-63823872        11111100001100100010000000000000
-64995328        11111100001000000100000000000000
-65912832        11111100000100100100000000000000
-66576384        11111100000010000010000000000000
-66969600        11111100000000100010000000000000
-67108864        11111100000000000000000000000000
-66969600        11111100000000100010000000000000
-66576384        11111100000010000010000000000000
-65912832        11111100000100100100000000000000
-64995328        11111100001000000100000000000000
-63823872        11111100001100100010000000000000
-62390272        11111100010010000000000000000000
-60719104        11111100011000011000000000000000
-58802176        11111100011111101100000000000000
-56655872        11111100100111111000000000000000
-54288384        11111100110000111010000000000000
-51707904        11111100111010110000000000000000
-48914432        11111101000101011010000000000000
-45932544        11111101010000110010000000000000
-42770432        11111101011100110110000000000000
-39444480        11111101101001100010000000000000
-35954688        11111101110110110110000000000000
-32325632        11111110000100101100000000000000
-28565504        11111110010011000010000000000000
-24698880        11111110100001110010000000000000
-20733952        11111110110000111010000000000000
-16687104        11111111000000010110000000000000
-12574720        11111111010000000010000000000000
-8404992        11111111011111111100000000000000
-4210688        11111111101111111100000000000000
0        00000000000000000000000000000000
4210688        00000000010000000100000000000000
8404992        00000000100000000100000000000000
12574720        00000000101111111110000000000000
16687104        00000000111111101010000000000000
20733952        00000001001111000110000000000000
24698880        00000001011110001110000000000000
28565504        00000001101100111110000000000000
32325632        00000001111011010100000000000000
35954688        00000010001001001010000000000000
39444480        00000010010110011110000000000000
42770432        00000010100011001010000000000000
45932544        00000010101111001110000000000000
48914432        00000010111010100110000000000000
51707904        00000011000101010000000000000000
54288384        00000011001111000110000000000000
56655872        00000011011000001000000000000000
58802176        00000011100000010100000000000000
60719104        00000011100111101000000000000000
62390272        00000011101110000000000000000000
63823872        00000011110011011110000000000000
64995328        00000011110111111100000000000000
65912832        00000011111011011100000000000000
66576384        00000011111101111110000000000000
66969600        00000011111111011110000000000000
67108864        00000100000000000000000000000000
66969600        00000011111111011110000000000000
66576384        00000011111101111110000000000000
65912832        00000011111011011100000000000000
64995328        00000011110111111100000000000000
63823872        00000011110011011110000000000000
62390272        00000011101110000000000000000000
60719104        00000011100111101000000000000000
58802176        00000011100000010100000000000000
56655872        00000011011000001000000000000000
54288384        00000011001111000110000000000000
51707904        00000011000101010000000000000000
48914432        00000010111010100110000000000000
45932544        00000010101111001110000000000000
42770432        00000010100011001010000000000000
39444480        00000010010110011110000000000000
35954688        00000010001001001010000000000000
32325632        00000001111011010100000000000000
28565504        00000001101100111110000000000000
24698880        00000001011110001110000000000000
20733952        00000001001111000110000000000000
16687104        00000000111111101010000000000000
12574720        00000000101111111110000000000000
8404992        00000000100000000100000000000000
4210688        00000000010000000100000000000000
0        00000000000000000000000000000000
-4210688        11111111101111111100000000000000
-8404992        11111111011111111100000000000000
-12574720        11111111010000000010000000000000
-16687104        11111111000000010110000000000000
-20733952        11111110110000111010000000000000
-24698880        11111110100001110010000000000000
-28565504        11111110010011000010000000000000
-32325632        11111110000100101100000000000000
-35954688        11111101110110110110000000000000
-39444480        11111101101001100010000000000000
-42770432        11111101011100110110000000000000
-45932544        11111101010000110010000000000000
-48914432        11111101000101011010000000000000
-51707904        11111100111010110000000000000000
-54288384        11111100110000111010000000000000
-56655872        11111100100111111000000000000000
-58802176        11111100011111101100000000000000
-60719104        11111100011000011000000000000000
-62390272        11111100010010000000000000000000
-63823872        11111100001100100010000000000000
-64995328        11111100001000000100000000000000
-65912832        11111100000100100100000000000000
-66576384        11111100000010000010000000000000
-66969600        11111100000000100010000000000000
-67108864        11111100000000000000000000000000
-66969600        11111100000000100010000000000000
-66576384        11111100000010000010000000000000
-65912832        11111100000100100100000000000000
-64995328        11111100001000000100000000000000
-63823872        11111100001100100010000000000000
-62390272        11111100010010000000000000000000
-60719104        11111100011000011000000000000000
-58802176        11111100011111101100000000000000
-56655872        11111100100111111000000000000000
-54288384        11111100110000111010000000000000
-51707904        11111100111010110000000000000000
-48914432        11111101000101011010000000000000
-45932544        11111101010000110010000000000000
-42770432        11111101011100110110000000000000
-39444480        11111101101001100010000000000000
-35954688        11111101110110110110000000000000
-32325632        11111110000100101100000000000000
-28565504        11111110010011000010000000000000
-24698880        11111110100001110010000000000000
-20733952        11111110110000111010000000000000
-16687104        11111111000000010110000000000000
-12574720        11111111010000000010000000000000
-8404992        11111111011111111100000000000000
-4210688        11111111101111111100000000000000
0        00000000000000000000000000000000
4210688        00000000010000000100000000000000
8404992        00000000100000000100000000000000
12574720        00000000101111111110000000000000
16687104        00000000111111101010000000000000
20733952        00000001001111000110000000000000
24698880        00000001011110001110000000000000
28565504        00000001101100111110000000000000
32325632        00000001111011010100000000000000
35954688        00000010001001001010000000000000
39444480        00000010010110011110000000000000
42770432        00000010100011001010000000000000
45932544        00000010101111001110000000000000
48914432        00000010111010100110000000000000
51707904        00000011000101010000000000000000
54288384        00000011001111000110000000000000
56655872        00000011011000001000000000000000
58802176        00000011100000010100000000000000
60719104        00000011100111101000000000000000
62390272        00000011101110000000000000000000
63823872        00000011110011011110000000000000
64995328        00000011110111111100000000000000
65912832        00000011111011011100000000000000
66576384        00000011111101111110000000000000
66969600        00000011111111011110000000000000
67108864        00000100000000000000000000000000
66969600        00000011111111011110000000000000
66576384        00000011111101111110000000000000
65912832        00000011111011011100000000000000
64995328        00000011110111111100000000000000
63823872        00000011110011011110000000000000
62390272        00000011101110000000000000000000
60719104        00000011100111101000000000000000
58802176        00000011100000010100000000000000
56655872        00000011011000001000000000000000
54288384        00000011001111000110000000000000
51707904        00000011000101010000000000000000
48914432        00000010111010100110000000000000
45932544        00000010101111001110000000000000
42770432        00000010100011001010000000000000
39444480        00000010010110011110000000000000
35954688        00000010001001001010000000000000
32325632        00000001111011010100000000000000
28565504        00000001101100111110000000000000
24698880        00000001011110001110000000000000
20733952        00000001001111000110000000000000
16687104        00000000111111101010000000000000
12574720        00000000101111111110000000000000
8404992        00000000100000000100000000000000
4210688        00000000010000000100000000000000
